10
10
4 0 4 0 0 0 4 0 0 0 
1
0
6
1 3 5 3 2 0
10
2 0 1 2 3 0 1 0 0 1 0
50
4 4 10 9 7 0 1 4 5 3 0 0 6 8 3 4 8 10 8 0 2 3 6 10 3 10 1 7 2 8 4 6 2 2 0 8 2 10 5 9 6 5 7 5 10 3 3 10 10 1
1000
4 0 1 2 5 1 3 3 4 4 1 1 1 4 4 2 4 5 4 3 0 0 3 3 0 2 4 3 1 1 2 4 0 5 0 4 4 2 4 5 4 5 3 1 3 0 0 3 0 5 2 1 3 2 5 3 2 2 2 1 1 2 2 5 2 4 5 4 5 0 5 1 1 2 4 3 1 3 1 5 1 4 1 5 3 2 4 1 2 4 3 0 3 1 1 1 5 3 1 5 4 2 1 4 5 2 2 4 2 1 0 0 1 2 1 2 5 3 4 0 1 2 1 2 1 5 3 4 1 4 3 1 3 0 4 4 3 4 2 4 3 4 4 4 2 0 5 0 3 4 2 3 2 2 2 5 0 1 0 3 1 3 2 5 1 0 5 0 0 4 3 4 1 3 0 5 2 2 3 2 3 3 1 3 1 4 1 5 4 3 2 3 3 5 3 3 2 5 5 3 1 1 4 1 1 5 2 1 0 3 0 4 1 2 2 0 0 3 1 0 2 0 1 1 4 1 4 4 4 3 3 1 5 1 0 0 2 3 4 0 1 5 3 0 4 0 2 3 4 4 4 2 4 4 2 2 4 1 1 3 1 2 4 4 5 2 0 5 4 5 0 4 4 1 3 2 3 2 1 3 0 2 2 0 0 2 4 1 4 2 1 1 3 1 1 1 1 2 2 4 5 1 3 0 2 2 2 5 2 1 5 3 1 3 2 5 0 2 1 4 5 0 0 1 3 2 1 1 5 1 1 4 3 0 0 3 0 0 1 5 3 5 2 4 4 1 0 4 0 1 4 5 3 0 3 5 5 2 3 2 5 4 1 5 1 1 1 4 5 5 5 4 5 5 5 0 2 5 3 2 4 3 4 4 4 4 3 0 4 3 0 1 3 3 2 2 3 5 5 4 2 2 3 0 3 1 1 4 2 2 1 0 0 3 5 2 0 5 4 5 0 4 5 3 5 4 0 2 2 3 2 4 1 3 0 0 1 5 5 0 1 4 4 2 3 2 4 3 1 1 5 2 5 4 2 5 2 5 1 4 2 4 1 3 2 5 2 0 5 3 5 2 5 0 3 3 1 5 0 3 3 5 0 4 4 3 5 5 0 1 0 4 2 3 0 4 4 3 3 0 0 2 0 1 1 0 1 4 5 4 1 2 4 4 3 3 0 1 4 0 4 4 1 1 2 1 2 5 0 2 1 0 1 3 2 4 1 5 0 4 3 4 5 4 1 0 3 0 1 4 0 2 1 1 1 1 3 3 4 5 2 3 3 0 0 0 4 5 0 2 3 3 4 5 3 2 2 3 2 1 1 1 0 5 5 4 3 5 5 0 2 2 1 1 5 2 5 5 5 5 1 1 3 5 2 1 3 4 0 5 4 4 2 3 0 2 0 4 2 4 2 3 0 5 0 4 3 3 1 1 1 4 3 3 4 0 4 4 3 0 5 2 0 0 3 3 5 3 0 4 3 0 2 4 2 2 1 3 1 0 3 5 5 3 5 2 1 1 0 0 2 2 2 3 4 4 3 2 1 2 2 5 5 3 0 0 0 3 3 5 4 3 5 5 3 1 3 5 5 0 5 2 4 0 0 5 5 3 3 1 4 4 2 4 3 4 5 1 1 2 3 1 3 5 4 1 0 1 3 0 2 2 5 1 3 3 4 0 3 1 4 4 5 2 0 3 5 4 2 3 5 3 5 0 2 1 3 5 5 0 0 0 4 2 4 1 2 1 5 5 4 1 1 5 4 5 2 0 3 1 5 0 1 5 1 1 1 2 5 5 2 2 2 1 1 0 4 2 4 0 2 0 5 0 5 3 5 4 4 0 5 3 1 5 2 3 2 4 3 4 3 5 3 5 3 0 3 0 4 5 2 5 4 2 4 0 2 1 3 4 0 4 4 2 5 2 4 2 4 0 5 5 2 1 2 0 4 1 2 4 3 2 5 5 5 5 3 4 3 0 4 4 4 0 5 1 2 2 1 5 3 5 2 5 1 2 2 4 2 5 5 2 4 4 0 1 2 0 1 5 3 0 4 0 2 1 4 1 2 3 1 3 3 0 5 4 4 3 3 1 0 3 3 1 1 4 3 2 3 2 2 5 0 3 0 0 3 3 2 4 0 0 0 4 5 5 0 2 2 4 4 1 5 4 4 1 5 1 1 2 0 0 0 4 2 5 0 5 4 2 3 1 1 1 4 4 5 1 5 1 5 3 3 0 0 1 5 4 3 2 0 0 0 6 0 0 0 0 0 0
2
1 0
2
0 1
10000
9 8 0 8 8 8 4 2 2 6 8 7 8 8 0 0 9 5 5 1 3 0 7 4 9 7 2 3 4 2 3 3 2 5 3 0 5 7 5 0 4 5 9 4 5 9 4 6 4 1 7 9 2 7 5 1 4 7 4 0 2 9 4 4 7 9 7 4 7 4 4 3 9 3 9 4 5 3 1 9 5 0 1 9 7 6 2 4 6 8 4 8 9 0 4 6 2 1 1 1 5 7 6 6 3 5 3 0 0 6 1 7 6 2 6 6 9 8 2 5 6 8 5 8 1 9 4 3 1 7 6 8 7 2 5 2 7 8 2 7 6 3 5 2 6 3 0 7 4 4 2 2 3 7 0 6 8 5 1 9 4 7 0 3 1 7 5 8 7 7 7 3 3 4 7 9 0 8 6 4 4 0 6 9 9 7 5 7 4 8 9 0 7 1 4 8 8 9 8 5 9 8 0 2 2 7 3 2 7 1 8 2 1 5 1 2 4 9 1 0 7 2 2 7 3 6 5 3 8 4 0 9 2 0 3 6 0 6 1 7 7 1 1 0 8 5 4 2 4 5 4 3 0 9 0 5 7 8 9 5 4 1 6 8 2 9 4 4 5 7 1 4 9 5 4 7 0 8 2 6 6 8 9 8 7 2 3 5 2 4 2 6 6 9 4 0 0 0 4 8 8 7 2 9 2 7 8 2 7 0 0 5 1 2 3 8 4 9 5 6 3 8 4 1 9 8 3 9 8 7 7 8 7 2 9 9 1 8 4 0 0 6 6 1 8 1 0 4 2 5 2 8 5 6 9 4 4 5 6 5 2 5 5 1 7 5 3 8 3 9 9 3 5 7 5 4 0 7 8 3 4 1 1 2 9 2 6 6 7 4 3 2 0 8 3 9 5 8 0 8 7 1 4 3 8 1 9 0 0 9 3 4 2 6 6 2 9 5 0 8 1 3 0 3 1 6 3 9 4 5 7 4 6 3 9 6 6 8 6 6 7 0 3 2 8 1 6 7 6 6 6 0 9 8 3 2 6 8 1 1 3 1 5 9 6 4 5 3 4 4 9 3 6 2 5 4 4 3 2 2 9 0 2 8 0 6 3 7 4 6 0 0 7 7 9 4 3 7 7 7 3 8 2 9 1 0 3 7 3 7 9 3 9 4 3 0 0 6 9 6 3 9 6 2 6 8 8 1 7 5 8 0 6 2 1 7 2 4 6 6 4 5 1 3 9 4 5 1 3 4 0 8 5 8 0 3 6 9 4 5 6 4 7 2 7 8 1 9 5 7 7 9 5 8 4 6 5 2 8 8 8 0 6 4 8 8 9 5 9 4 2 8 8 0 2 5 0 4 7 7 3 4 8 0 5 3 7 0 7 7 8 5 7 6 1 5 6 1 2 6 7 7 4 5 9 6 3 9 2 0 7 8 6 5 8 1 0 7 1 9 6 1 5 3 7 8 1 4 1 5 2 8 2 6 6 1 4 1 3 7 1 2 7 9 7 5 1 0 5 4 9 1 6 6 7 5 7 0 1 8 5 3 9 0 1 7 3 6 8 6 5 1 8 2 0 8 9 3 0 4 8 1 6 6 8 5 3 5 5 5 5 0 8 4 2 2 1 6 8 9 4 3 2 5 5 3 5 4 8 5 1 8 6 9 4 6 4 8 3 9 5 9 1 5 5 4 7 7 0 5 8 6 0 1 1 7 6 6 4 4 1 5 3 0 4 9 8 8 9 2 9 4 1 0 0 6 6 9 5 8 7 6 5 7 9 6 7 5 3 1 1 6 8 6 8 2 8 7 2 7 9 1 4 2 3 6 8 2 5 6 0 2 2 5 2 1 4 1 8 9 4 1 7 2 8 6 6 6 5 8 3 6 1 7 8 6 3 8 8 1 4 9 5 6 6 7 9 2 0 7 1 4 9 9 6 9 7 2 7 4 2 0 0 5 0 0 2 5 8 2 8 5 3 4 1 0 3 3 2 4 2 6 8 3 7 7 2 4 1 9 0 4 2 0 9 4 2 3 1 0 8 0 5 1 4 9 3 9 4 6 3 6 4 4 0 1 1 2 7 2 4 7 8 6 9 0 2 3 5 3 3 3 3 1 5 9 2 8 9 6 6 4 4 2 0 4 3 1 9 2 6 3 1 6 1 0 6 3 3 2 8 9 7 2 2 2 3 4 3 4 2 1 9 8 4 1 3 9 3 4 2 1 9 5 7 2 6 6 5 1 8 5 2 5 9 4 0 3 0 5 9 4 8 0 3 4 2 8 6 5 2 0 8 3 5 7 5 1 3 2 5 3 7 7 1 7 4 3 2 6 8 1 1 8 2 4 3 4 4 9 1 6 9 9 9 4 8 6 8 2 8 5 7 5 4 8 4 8 1 6 5 1 8 8 0 0 4 5 4 8 4 7 6 5 8 7 1 6 3 1 8 1 6 8 8 1 6 3 1 0 9 8 1 7 8 3 9 2 8 5 2 4 2 8 1 0 7 3 9 0 6 9 3 3 7 2 6 4 7 9 4 6 8 7 6 8 1 7 1 1 3 5 8 7 4 9 0 1 4 9 4 1 8 7 4 8 1 2 2 0 1 8 7 1 5 5 0 8 2 3 2 7 8 0 5 4 9 7 8 4 8 2 7 6 1 1 4 5 5 8 5 6 8 4 0 6 9 2 4 4 5 6 3 5 8 0 0 8 7 8 4 5 2 1 4 3 4 0 0 9 1 6 7 9 2 9 5 2 1 2 8 6 8 1 4 7 2 4 7 1 2 3 7 6 4 3 9 0 3 0 1 4 8 0 4 0 0 1 4 1 3 2 0 2 6 4 1 0 0 0 1 4 3 0 0 9 3 1 9 9 1 2 3 1 2 9 2 4 1 6 8 6 1 0 0 9 6 1 1 6 3 4 2 6 5 2 7 0 3 8 9 7 0 5 8 5 6 2 1 9 1 9 6 4 9 6 5 7 0 6 5 5 0 7 2 5 9 1 8 5 0 9 4 0 6 4 7 5 7 9 6 0 8 2 4 0 1 9 9 3 5 5 8 5 2 2 3 4 4 3 1 4 4 5 6 1 9 6 8 8 5 4 8 5 9 4 7 0 3 7 5 0 2 5 8 6 0 3 0 4 6 3 0 0 8 8 3 0 4 1 0 1 6 1 9 5 5 6 7 1 5 4 1 9 1 9 6 1 4 8 7 2 2 9 5 2 8 8 2 4 2 5 8 0 6 7 7 1 5 6 2 1 0 6 0 1 7 8 5 2 7 2 4 1 2 1 3 2 2 8 6 4 3 4 4 9 3 3 2 9 9 5 0 9 3 2 2 0 1 7 4 0 2 9 1 4 2 4 6 4 2 4 8 7 1 4 6 4 7 9 3 6 6 5 7 1 0 2 1 3 1 6 3 3 7 4 7 9 0 5 4 5 0 4 2 1 1 1 5 8 2 1 7 0 8 6 1 8 8 2 1 2 0 6 5 9 2 5 1 5 0 5 0 0 1 4 3 2 5 9 3 7 2 0 7 0 8 0 1 7 5 4 1 5 1 6 7 5 1 8 0 4 5 0 4 6 5 8 1 2 9 4 2 3 6 1 3 4 2 4 3 7 1 4 4 2 1 1 7 4 1 0 8 6 2 5 5 9 5 6 2 6 2 4 9 8 5 4 2 7 1 6 6 2 0 3 6 3 6 5 0 8 5 0 6 8 7 1 7 4 9 9 0 1 5 1 9 1 6 4 0 7 2 7 1 4 0 7 0 8 2 0 6 8 0 3 8 0 6 5 4 6 7 7 9 2 8 1 3 6 7 6 5 9 5 6 3 5 3 5 5 8 5 2 6 8 7 6 8 5 1 4 3 8 1 3 3 2 6 8 8 3 4 6 4 9 4 9 6 0 5 2 8 0 6 6 0 5 2 0 0 5 5 4 6 8 7 9 0 5 7 1 8 4 7 2 5 3 3 2 3 8 6 1 1 4 9 1 9 1 2 9 7 9 3 3 7 2 4 8 7 3 1 7 7 0 1 3 3 5 7 7 3 5 0 4 9 0 8 8 3 0 7 2 1 3 5 8 5 1 8 5 5 1 2 2 1 6 7 5 3 6 4 6 1 6 3 0 6 1 0 2 3 0 4 4 3 2 4 8 3 5 5 8 6 0 3 8 6 2 5 9 9 1 7 0 7 2 3 6 3 5 8 8 5 4 4 8 6 9 9 2 4 4 0 2 4 5 0 2 8 7 3 7 8 1 9 8 3 4 6 9 0 6 7 5 0 4 4 9 3 3 1 9 9 1 1 6 9 4 8 7 1 4 6 2 7 7 2 0 2 8 1 2 6 1 9 6 5 5 5 0 0 6 9 0 0 0 6 1 4 6 8 8 0 6 2 7 3 4 0 7 4 3 9 0 4 1 6 1 6 4 1 7 2 0 9 4 3 7 5 9 3 5 7 6 1 9 5 5 5 5 2 9 1 4 9 5 7 8 9 3 4 0 2 6 1 1 1 6 8 8 5 4 4 5 0 5 6 7 2 2 5 7 3 6 3 3 3 0 3 2 5 7 3 8 3 6 1 6 2 2 5 9 6 1 4 8 6 1 5 1 5 0 8 8 6 1 3 2 1 8 4 6 5 9 6 1 5 8 9 9 2 6 9 8 7 5 8 6 8 3 7 5 6 5 4 2 6 9 6 9 0 1 7 5 0 4 8 8 4 0 9 6 6 8 6 4 6 4 0 4 7 7 0 3 4 6 8 0 7 4 1 7 7 8 5 0 4 5 0 8 5 9 6 2 0 2 8 6 8 0 0 8 9 2 1 3 0 1 5 8 8 6 7 7 6 4 7 1 0 7 1 7 7 0 9 7 4 9 5 3 9 7 1 0 0 4 3 0 8 8 0 6 6 8 3 3 4 3 6 4 0 9 2 9 9 3 8 6 5 3 9 4 1 2 5 3 6 0 5 4 1 6 2 7 6 8 2 0 1 0 7 3 0 9 3 1 4 3 7 9 7 6 6 0 0 3 3 7 3 0 3 4 6 6 4 4 4 6 7 7 7 4 0 9 5 3 0 9 7 8 1 6 6 7 6 7 0 1 6 5 3 9 0 2 7 4 6 3 2 3 0 1 9 1 0 6 6 1 8 5 1 9 1 9 8 9 6 8 2 4 5 6 4 7 8 3 3 6 7 6 2 7 7 1 8 8 8 7 1 6 2 4 7 4 3 5 5 2 5 8 6 0 6 2 8 4 6 1 2 3 9 4 0 9 8 1 9 8 8 0 4 0 6 3 6 9 8 2 1 3 2 8 5 8 2 3 4 8 7 6 1 8 1 4 7 1 7 6 9 7 8 3 9 4 8 6 6 6 0 7 1 4 7 6 2 0 2 8 0 1 6 2 9 9 8 9 0 7 5 9 4 6 4 3 2 2 1 8 8 1 8 1 5 5 8 9 7 2 9 8 3 6 2 2 5 0 3 6 7 1 5 3 7 0 6 1 4 8 2 5 1 0 6 9 7 6 0 5 8 0 3 3 8 7 8 3 9 1 1 8 2 9 1 1 1 7 3 5 7 5 0 1 5 7 2 4 5 2 9 4 4 4 9 4 1 7 0 0 9 1 8 1 2 1 3 3 1 8 9 8 5 1 1 2 0 3 6 6 8 6 2 2 2 1 7 4 9 9 6 0 0 7 1 5 8 6 8 9 6 9 0 1 1 1 3 3 7 0 9 5 8 3 9 0 7 8 4 6 7 3 8 0 0 9 5 0 8 3 2 4 5 2 8 6 5 1 1 4 1 1 9 1 6 9 2 3 9 6 1 7 1 9 7 1 1 4 4 9 9 6 5 4 0 5 2 7 7 4 2 0 7 3 2 3 2 4 7 4 2 8 1 4 0 0 7 1 4 3 2 5 9 9 0 1 5 2 1 2 8 3 4 5 6 6 1 1 2 8 5 7 8 8 1 8 8 0 1 4 4 3 9 5 3 1 9 8 6 0 2 4 3 6 2 1 5 3 2 7 1 9 4 1 7 7 2 7 0 3 3 4 7 3 1 2 6 0 0 2 0 4 7 5 0 9 7 7 2 1 7 5 1 1 8 0 1 0 8 1 4 1 7 3 6 8 5 3 9 7 7 1 1 4 7 3 5 4 1 9 7 8 6 0 1 5 1 4 5 1 5 1 4 4 4 1 3 9 6 4 8 3 5 1 0 2 5 5 8 8 7 6 6 3 6 9 8 9 4 6 0 9 7 5 4 2 8 9 3 6 3 2 1 0 5 1 3 0 9 3 8 6 1 6 1 0 6 0 9 0 6 2 1 3 9 7 7 7 6 1 5 1 5 6 2 0 8 7 3 9 0 3 5 4 0 8 4 6 8 5 8 6 7 9 2 6 9 9 5 5 2 0 7 9 7 1 2 7 8 7 6 8 0 3 2 0 1 8 8 2 4 8 0 1 8 2 8 7 4 5 4 8 6 3 8 5 4 2 2 2 9 0 3 9 3 5 2 6 4 2 8 8 1 9 1 1 3 1 0 7 7 4 6 3 8 6 8 4 8 2 7 9 2 0 8 5 7 2 3 3 5 4 3 6 5 5 7 8 6 7 8 3 3 6 8 3 2 6 8 2 0 7 1 2 9 1 9 6 4 3 2 9 9 5 7 4 2 6 2 1 5 2 6 8 8 5 2 2 3 2 4 4 9 7 8 8 9 8 6 3 3 8 4 2 6 1 6 8 9 0 1 4 3 8 2 3 3 6 6 8 8 2 2 7 0 1 7 1 1 4 4 4 2 0 6 0 3 2 1 2 4 2 6 9 0 8 3 5 5 1 4 5 5 8 3 5 1 0 6 2 6 2 8 1 2 4 1 5 8 2 7 3 5 5 2 7 4 7 3 1 0 7 6 6 5 1 3 9 4 0 1 0 4 0 1 9 6 3 4 7 7 4 0 2 9 4 0 5 4 5 6 4 2 5 0 9 6 4 8 0 6 2 3 2 4 4 1 2 9 6 9 7 2 1 1 1 8 3 9 2 8 7 8 2 2 1 4 1 7 4 3 3 8 6 5 2 3 9 7 2 7 6 1 9 0 5 2 8 8 1 2 9 9 2 3 3 3 7 6 0 2 0 5 0 8 3 5 1 2 2 6 9 0 7 0 0 2 2 0 3 6 2 4 7 5 7 0 0 5 7 1 9 9 8 9 7 1 6 1 5 8 7 6 1 6 6 3 1 9 4 6 7 8 0 4 5 9 4 6 4 3 9 5 2 7 5 2 1 3 3 6 2 0 3 5 8 1 8 9 0 4 5 7 3 7 3 0 7 8 6 3 3 7 9 8 7 6 0 8 9 3 6 3 5 1 8 3 3 9 5 5 3 2 5 8 0 8 9 9 8 7 2 2 5 1 0 2 9 0 2 9 5 8 2 0 2 3 5 5 2 2 0 7 5 7 6 7 6 5 6 4 2 0 8 9 4 8 1 3 0 3 2 7 4 7 9 6 0 5 1 4 9 3 1 4 1 7 3 9 4 1 5 9 2 4 8 8 4 0 1 5 3 6 4 7 5 4 5 5 9 6 9 8 2 2 5 5 0 0 4 6 2 9 5 6 5 4 4 0 4 7 7 9 5 1 9 0 5 4 7 6 3 8 7 5 1 4 2 3 4 6 9 6 7 7 4 3 1 0 3 5 8 2 6 5 3 7 8 1 2 5 7 7 6 4 4 9 0 6 2 5 4 3 3 3 0 8 6 1 8 1 8 8 5 7 4 9 4 2 0 8 9 9 5 5 6 9 6 6 7 8 1 1 4 5 5 6 5 3 0 3 7 0 4 2 7 8 3 4 2 3 2 3 5 8 1 1 9 7 7 7 8 1 8 4 8 5 0 3 1 0 8 8 3 2 2 0 0 6 4 4 1 7 0 6 7 1 7 6 8 7 3 8 8 4 2 6 1 3 9 2 5 7 2 8 0 5 1 2 3 7 9 4 6 9 1 3 0 8 2 0 5 7 1 5 1 3 1 5 8 2 9 6 2 4 4 2 9 7 6 4 5 7 8 1 6 9 5 8 0 9 1 7 6 2 3 0 7 6 5 6 9 6 2 1 0 8 5 1 8 3 5 3 1 4 4 7 5 1 8 7 0 9 5 9 3 0 9 0 6 6 8 5 2 2 8 3 3 3 6 1 7 2 4 8 8 0 7 5 4 5 3 6 4 8 5 7 0 4 0 6 0 8 4 5 1 2 0 4 8 6 5 5 8 1 5 6 1 2 4 7 0 7 4 4 7 9 4 7 6 4 5 8 4 9 3 5 4 3 1 2 0 8 9 0 9 6 9 3 0 3 0 0 0 4 7 9 6 3 6 2 9 1 2 3 3 8 1 7 3 2 1 5 1 2 6 0 8 7 3 0 0 4 1 2 0 0 3 6 3 9 0 2 2 3 5 7 1 6 6 6 1 7 2 2 1 0 4 1 7 0 2 9 4 3 3 6 3 6 3 8 7 3 0 9 6 5 7 9 4 3 8 5 3 0 9 4 0 3 6 9 3 0 0 9 3 5 6 8 1 1 6 0 4 8 1 3 5 0 4 9 6 2 6 9 2 5 5 4 9 3 5 4 3 7 6 8 2 2 8 5 3 4 5 9 4 7 2 0 9 7 9 5 1 8 6 4 3 2 0 4 7 8 1 3 5 7 1 8 9 0 3 4 6 1 3 1 0 8 1 9 7 2 5 8 0 1 4 6 5 5 0 3 5 3 6 0 0 9 8 1 1 4 5 8 7 1 1 7 9 4 8 8 6 3 6 9 7 1 5 2 8 7 7 5 1 5 5 3 5 6 5 6 2 0 6 9 3 7 8 4 1 6 2 0 0 1 1 7 4 8 1 4 5 1 9 8 6 4 2 3 2 7 0 4 9 8 3 5 8 3 9 1 0 4 1 2 5 2 1 9 0 2 3 8 3 2 8 0 8 2 5 1 1 5 5 3 6 1 8 4 4 9 5 4 3 7 6 8 1 7 9 4 2 2 4 7 6 2 9 5 5 5 8 6 2 3 9 8 6 9 2 1 9 8 7 2 7 6 3 0 5 4 4 7 9 0 5 5 3 6 2 0 1 2 8 4 6 0 2 4 9 7 5 8 5 5 3 4 1 8 4 6 2 1 6 1 1 3 9 6 9 3 6 1 6 5 7 4 5 9 8 6 6 6 7 3 1 0 9 4 0 4 2 2 7 8 6 8 3 5 7 5 0 3 8 6 0 5 0 5 6 9 4 5 5 1 0 8 1 0 2 3 6 4 5 3 5 3 3 0 0 0 5 1 4 3 7 4 0 0 2 7 1 6 4 8 9 4 6 0 4 0 5 0 6 0 5 1 6 9 4 6 9 9 9 5 5 9 2 5 9 6 4 0 4 0 0 3 5 6 5 1 6 0 4 2 2 9 6 8 0 0 5 2 1 6 7 8 5 9 6 4 5 0 6 9 3 6 4 8 4 9 1 2 9 7 7 2 9 3 0 9 5 7 1 8 4 1 7 9 0 3 6 8 5 4 9 8 3 4 8 7 3 0 0 5 7 9 7 6 2 9 8 9 9 9 7 5 0 6 6 3 9 2 3 5 9 2 3 2 8 2 1 4 4 1 1 3 2 8 2 4 9 0 5 0 1 5 5 4 1 2 7 1 6 2 8 7 6 1 9 5 5 1 1 1 4 2 5 7 2 7 3 3 7 9 4 0 6 9 4 7 3 3 8 2 5 6 9 2 0 1 9 7 2 0 9 8 2 6 7 6 3 1 9 2 2 3 2 8 5 9 5 0 2 6 4 8 4 4 2 6 7 1 4 1 1 5 9 5 1 7 1 4 0 2 8 4 6 2 4 3 1 1 5 4 9 0 4 4 4 6 0 3 9 6 4 0 1 3 7 4 2 0 0 4 2 8 0 0 1 4 5 4 6 1 0 5 1 4 1 7 2 2 0 3 0 4 3 4 9 2 8 4 4 9 8 7 7 9 9 0 3 5 5 1 6 7 9 9 4 0 6 6 4 6 0 5 2 5 9 1 0 9 5 4 8 6 3 8 5 3 8 0 0 5 4 8 3 3 7 7 3 3 5 0 1 7 7 3 5 8 6 7 7 4 1 6 0 7 6 7 0 4 7 2 2 3 0 7 6 7 4 2 2 1 2 3 1 9 8 6 7 4 3 6 8 6 4 0 3 0 7 5 7 7 9 9 0 9 8 7 6 4 1 0 5 3 5 6 4 3 4 3 0 9 9 0 8 4 1 3 6 0 1 3 7 0 4 8 0 2 7 8 6 8 9 4 3 4 2 7 0 7 2 0 8 3 2 6 7 3 2 6 4 3 9 3 3 4 1 3 8 0 4 5 8 3 9 1 9 1 0 9 0 4 1 9 8 4 7 7 9 9 3 5 2 5 9 8 9 2 1 7 3 7 4 3 0 3 7 2 7 9 3 9 4 5 8 2 1 8 1 0 9 5 8 2 0 7 2 1 1 3 0 4 3 5 0 5 0 7 7 9 6 1 9 0 8 9 4 1 7 8 3 7 3 1 1 5 0 3 8 2 8 0 8 1 5 8 7 8 7 6 7 4 7 8 6 7 8 1 8 5 1 2 4 4 5 5 1 6 0 1 8 9 1 8 0 9 9 9 9 6 6 6 0 5 5 9 5 5 2 5 0 3 9 5 9 5 2 2 1 3 3 1 2 6 1 4 5 0 6 6 7 2 3 9 7 0 8 4 5 0 0 7 5 9 4 4 4 7 6 7 0 9 8 4 8 0 0 5 2 6 2 9 8 5 1 8 7 1 2 4 4 2 1 9 4 6 4 8 5 0 6 5 2 6 1 0 6 1 5 1 8 9 2 8 6 3 8 3 7 3 9 1 7 1 0 1 9 6 0 4 7 8 1 1 4 2 1 3 5 8 4 5 8 6 6 4 2 4 0 9 7 9 0 7 2 2 8 1 9 8 7 8 8 8 9 3 2 0 6 0 0 0 5 0 8 1 5 0 8 7 9 5 6 1 4 9 6 3 2 5 3 2 3 2 2 4 5 5 6 1 7 6 3 2 7 1 6 4 2 4 1 3 1 9 7 6 0 3 1 5 0 4 7 5 8 9 9 3 6 5 6 3 3 9 8 2 1 6 8 5 0 1 0 3 1 7 9 3 2 0 8 4 7 5 9 5 7 0 1 3 7 7 9 1 9 7 5 0 3 4 7 5 5 9 8 8 7 0 2 1 2 2 6 9 8 7 7 5 8 8 0 7 5 9 8 4 8 6 6 3 2 5 8 7 5 9 8 4 1 2 7 3 4 3 5 2 1 2 9 1 0 2 8 7 1 9 4 2 7 0 5 9 8 6 6 3 7 6 9 8 8 6 1 3 0 6 7 3 0 9 6 2 1 6 0 4 5 4 6 2 6 2 3 4 0 2 9 7 8 8 5 7 7 8 2 9 7 9 2 7 0 0 0 1 6 2 6 4 8 2 8 6 6 2 1 8 4 2 7 2 3 2 1 0 3 5 9 0 5 3 9 7 3 1 9 1 5 7 5 3 9 6 0 8 8 3 8 4 7 6 8 0 0 2 2 3 7 3 5 4 6 7 2 1 8 1 3 6 8 0 9 9 8 1 9 8 6 8 2 6 6 3 8 6 5 1 2 2 4 7 7 3 6 9 4 5 2 9 3 2 2 4 3 0 8 3 1 4 3 3 2 9 8 1 5 3 4 9 6 0 7 5 3 3 6 0 0 8 1 3 2 5 0 5 8 8 0 9 4 3 4 7 4 3 8 2 6 4 1 4 4 0 1 0 4 7 2 6 5 5 2 9 1 2 5 9 0 5 0 4 1 6 3 7 9 1 9 8 7 1 4 2 1 6 4 7 3 6 6 1 3 8 0 4 2 7 5 2 5 5 8 8 4 2 5 3 5 5 3 3 8 0 7 9 6 3 9 1 1 5 2 4 3 5 9 7 4 6 9 9 4 9 7 8 3 3 3 9 0 7 4 8 7 3 7 5 6 8 6 7 3 1 1 8 8 2 5 2 9 6 4 3 6 3 1 9 6 4 0 6 3 6 4 2 9 4 7 5 2 6 4 8 9 8 6 9 0 4 1 9 0 7 4 8 1 7 0 7 4 0 6 7 7 2 2 6 8 1 4 3 9 8 1 8 6 9 7 9 5 1 0 6 8 5 6 9 4 6 9 8 7 7 8 6 1 0 2 0 1 8 3 1 9 6 1 7 7 9 6 3 2 7 1 0 4 7 2 8 4 3 7 3 2 7 9 3 7 3 3 0 4 8 3 3 6 5 0 4 6 9 9 8 8 0 0 4 9 4 2 3 7 1 8 9 0 7 5 7 3 0 0 7 1 5 0 7 0 2 3 8 3 4 8 3 4 1 7 6 5 2 1 5 5 0 6 6 9 1 5 2 2 7 9 3 3 1 2 5 6 8 4 1 2 4 5 9 5 2 5 3 6 6 8 2 8 6 0 8 0 5 2 2 5 4 7 8 5 1 3 3 9 7 5 2 4 0 1 9 4 6 2 3 4 2 5 3 9 7 3 9 4 5 3 9 9 2 7 7 5 1 2 5 0 7 9 4 9 0 6 6 8 0 9 4 5 6 9 6 3 2 7 7 0 2 9 1 4 6 8 1 9 3 8 2 0 7 8 2 9 4 8 9 7 9 4 2 5 5 8 0 0 5 9 0 7 8 1 3 7 2 4 8 5 3 0 7 2 9 1 2 5 1 1 2 0 7 6 7 3 4 9 3 1 1 5 8 1 8 3 8 0 8 9 7 3 9 7 5 0 0 9 8 2 3 0 4 0 7 4 5 3 5 0 5 6 5 3 8 4 9 8 6 9 7 6 2 9 5 9 9 5 1 7 9 4 0 4 6 9 0 2 2 5 2 7 2 0 3 0 4 2 8 2 3 8 8 5 7 5 6 8 1 7 6 2 3 8 8 0 7 8 4 1 4 8 9 8 8 4 0 4 8 0 9 1 8 9 8 5 5 6 4 8 6 2 0 9 0 9 1 9 7 5 0 3 4 1 1 4 7 3 1 5 4 0 8 2 9 8 8 4 5 4 4 3 8 5 4 8 4 6 9 3 3 9 9 9 3 0 4 0 6 5 8 0 7 8 2 6 7 2 3 4 6 7 7 4 2 1 4 8 9 5 2 3 7 1 2 0 3 8 2 9 5 0 9 2 1 4 9 8 6 4 4 5 1 3 1 6 6 6 4 6 1 8 9 8 1 3 0 7 2 3 8 9 5 0 2 6 4 3 6 0 7 0 7 0 3 9 6 0 7 3 8 8 3 9 9 7 2 1 4 6 4 2 8 2 2 0 8 8 5 7 1 2 7 8 4 3 7 3 5 4 8 3 5 1 4 6 8 8 7 4 5 4 7 3 8 1 5 6 0 0 3 1 4 3 1 0 6 9 3 3 5 3 6 2 5 2 0 5 0 0 2 7 4 1 2 2 2 7 0 4 9 6 7 5 9 9 6 7 0 9 0 7 5 8 0 0 0 0 7 0 0 9 0 6 0 2 0 5 0 1 1 1 9 9 7 8 8 3 7 8 4 9 7 9 9 7 1 9 0 1 1 0 2 1 9 5 4 9 0 6 2 1 7 1 2 4 1 0 9 0 0 4 9 8 5 8 7 7 9 7 8 3 0 0 6 1 5 2 0 7 8 5 1 8 8 3 4 2 6 6 2 8 0 4 8 7 2 6 4 4 5 4 7 5 5 5 6 2 8 9 0 8 6 3 6 4 6 3 6 2 9 1 3 1 5 1 8 7 7 5 3 3 9 2 0 6 8 9 9 6 0 1 6 6 4 5 0 2 8 9 7 9 0 0 2 5 1 2 4 1 7 0 4 7 2 6 5 0 5 4 8 5 7 5 1 3 0 4 8 0 5 5 1 5 7 3 2 8 7 6 9 5 6 5 4 1 2 9 3 9 6 2 5 5 9 8 9 1 4 7 3 9 4 4 6 1 9 8 9 6 7 1 3 5 8 7 6 2 9 0 2 7 4 9 2 5 9 1 8 4 0 1 5 4 7 4 5 6 4 7 4 1 0 0 9 0 7 5 3 8 7 5 5 3 4 8 8 5 1 6 9 2 9 7 8 6 1 6 4 5 5 1 9 7 1 8 7 0 5 0 9 5 5 4 8 1 4 9 7 6 7 8 0 9 7 0 5 8 8 2 6 3 3 7 0 4 5 0 4 2 0 5 7 8 2 8 1 6 7 0 4 6 1 6 5 8 9 3 9 7 5 5 3 8 2 3 4 9 3 0 1 6 6 1 4 0 9 5 6 8 8 3 4 9 1 2 7 0 5 6 0 0 3 3 0 7 6 6 8 2 8 2 0 4 3 4 6 2 1 5 2 9 8 6 8 1 8 8 2 5 6 4 5 2 7 7 9 3 3 0 7 2 2 7 8 5 3 7 9 5 2 1 6 0 9 7 3 0 7 7 5 3 1 3 5 8 0 7 4 6 7 3 0 9 1 0 6 6 7 5 3 9 8 0 1 9 9 5 9 6 4 5 1 6 8 7 4 0 4 0 6 1 4 8 2 7 9 8 3 8 5 7 8 5 9 1 4 0 8 4 6 3 1 9 9 1 6 5 1 2 6 0 3 2 8 7 9 9 5 4 8 2 3 8 7 2 9 2 4 8 8 2 3 9 2 2 0 8 7 3 1 5 3 6 7 4 6 8 3 1 3 3 6 6 3 3 1 5 7 5 5 5 0 8 6 2 0 8 2 9 2 5 7 5 2 6 9 8 5 5 1 8 0 7 6 6 3 7 1 2 5 6 8 5 6 6 9 6 5 1 7 7 7 6 4 1 3 6 1 0 3 2 0 3 2 6 9 7 6 2 9 3 0 9 0 6 6 9 4 3 2 2 0 9 0 6 0 3 2 3 3 5 6 3 1 0 2 0 9 8 5 8 3 5 0 3 2 6 4 6 1 6 0 1 6 1 7 8 6 2 2 2 7 0 5 8 2 9 1 1 9 6 1 2 3 1 7 7 9 1 6 0 8 6 3 6 9 1 4 6 5 8 8 2 0 5 3 2 5 4 5 6 2 7 9 7 8 8 5 8 0 1 8 8 9 2 6 9 5 0 7 2 1 7 4 1 2 9 4 9 5 9 8 7 8 9 7 7 7 4 7 7 7 7 7 6 1 3 7 6 6 4 8 7 3 5 8 8 4 4 9 0 6 7 9 4 6 8 3 4 2 0 1 9 0 1 8 1 4 5 0 2 2 0 9 5 5 0 3 2 6 3 4 4 2 5 9 9 4 4 3 8 7 6 8 7 7 6 8 4 3 8 8 5 9 0 3 6 2 6 0 8 1 4 5 4 2 4 3 8 0 8 6 7 6 6 4 6 4 3 2 8 3 0 5 2 0 8 1 2 7 1 3 0 8 8 4 2 4 9 0 4 9 6 4 6 5 8 2 9 3 4 9 7 6 5 1 7 5 2 1 2 6 6 5 6 6 1 0 0 3 0 7 2 8 1 0 3 9 4 3 3 0 2 2 7 9 3 6 5 8 9 9 6 6 4 2 2 6 2 5 9 4 4 3 2 5 4 6 6 0 1 1 1 5 3 0 5 9 6 2 7 7 1 3 3 8 7 8 6 1 5 5 5 9 0 9 4 6 7 2 7 8 4 0 4 7 0 1 8 8 3 5 5 4 0 1 4 7 9 0 0 4 7 7 3 8 7 9 4 4 1 1 5 5 1 9 5 3 0 5 1 3 1 7 9 1 8 6 1 9 6 3 3 4 1 8 2 0 9 8 4 0 2 9 8 5 0 5 9 2 0 0 7 3 9 7 7 7 5 8 6 1 1 1 7 4 1 1 4 0 0 1 3 4 0 1 9 3 8 8 5 0 1 3 4 0 2 1 0 7 1 6 0 2 0 8 9 1 1 3 2 1 4 5 5 7 8 7 0 8 7 7 8 8 2 4 1 4 5 1 3 6 7 6 1 7 4 2 1 7 5 3 9 0 0 6 9 0 5 1 8 3 8 8 1 1 3 2 7 0 3 3 9 3 9 2 2 5 4 3 2 9 8 3 1 8 2 2 0 7 3 0 0 2 9 4 5 4 8 4 4 2 7 5 7 6 7 9 3 1 5 6 3 3 9 6 4 1 9 4 1 2 5 1 6 6 5 3 2 4 8 6 8 7 2 5 6 1 6 9 3 1 5 8 7 7 4 1 0 3 7 1 8 4 5 6 0 0 0 4 6 0 1 6 9 5 3 5 8 0 5 1 3 2 1 0 1 6 3 4 1 1 5 1 5 0 8 8 3 0 2 9 2 5 6 1 2 9 9 1 1 4 4 7 8 6 7 2 4 3 6 5 4 1 9 1 4 7 1 7 9 4 8 3 1 6 4 4 8 3 7 1 9 1 8 0 7 8 2 1 1 0 9 7 1 8 0 7 7 2 6 8 8 5 1 9 3 7 5 3 3 2 5 2 6 3 4 3 3 8 7 6 8 8 3 2 8 4 9 7 6 6 7 4 3 8 5 8 7 1 2 0 5 7 5 1 2 9 7 6 0 6 2 8 4 8 0 4 4 2 1 2 8 0 8 3 8 3 1 7 6 3 8 2 0 5 3 5 6 0 1 6 6 5 5 2 5 7 6 9 9 9 1 7 9 9 2 9 5 4 7 1 7 7 3 0 2 9 5 8 1 8 7 0 5 2 2 1 9 1 0 1 2 4 8 2 3 3 3 0 7 2 2 6 9 5 8 3 6 5 4 8 3 1 8 9 3 2 2 4 3 2 5 6 8 6 0 4 9 3 4 8 8 6 6 7 4 5 1 0 0 5 0 6 8 8 5 1 3 7 7 6 1 5 4 2 1 6 6 2 2 0 2 0 9 8 7 3 3 0 5 6 7 6 2 5 6 9 8 9 8 8 8 1 3 2 3 6 9 9 0 1 0 2 3 1 0 0 4 6 3 9 4 2 7 6 8 6 7 8 5 5 6 5 6 1 0 0 7 1 1 7 4 3 1 7 4 4 7 8 0 2 0 6 5 9 2 5 5 9 3 3 6 2 0 4 3 0 4 3 1 8 2 5 1 4 2 6 8 2 6 0 6 8 6 1 0 0 8 7 1 2 0 7 6 3 1 9 3 8 2 7 6 7 4 9 1 9 7 1 1 4 3 9 4 9 1 4 1 9 2 2 3 4 1 9 7 4 1 3 4 5 0 2 2 4 2 5 3 9 6 6 5 9 6 0 0 9 4 1 0 8 5 6 5 6 7 2 3 8 7 7 6 7 0 0 4 4 6 9 3 2 8 9 4 4 1 4 5 5 6 7 6 3 3 1 2 3 5 5 3 3 4 9 2 4 0 6 0 6 8 4 0 6 5 4 2 6 9 7 3 7 6 9 0 2 2 2 5 8 7 8 3 4 8 5 0 0 2 1 8 0 5 8 8 2 3 0 8 4 9 3 1 5 3 1 7 7 6 2 7 5 3 0 9 3 6 0 3 0 1 3 0 8 1 0 0 6 0 0 0 9 3 3 6 8 7 6 6 3 0 3 8 3 4 0 6 2 0 1 2 3 6 4 1 8 4 3 6 4 5 7 5 0 2 3 9 9 9 7 4 0 2 3 5 8 3 4 0 5 7 2 8 4 8 1 2 2 6 0 8 1 7 5 1 2 9 2 1 0 1 6 2 4 1 8 4 6 2 5 3 9 9 1 5 0 4 7 2 0 8 3 3 7 8 6 1 9 9 3 2 0 1 4 6 4 2 1 0 6 8 3 8 9 6 3 9 0 3 4 2 3 9 5 2 9 1 4 9 0 9 3 3 0 7 1 6 2 4 6 8 4 1 6 6 9 2 7 1 5 3 3 8 2 8 0 2 9 6 3 2 5 6 7 5 5 0 3 7 5 1 6 1 2 4 7 3 6 5 4 3 8 7 3 3 7 6 5 7 2 0 1 8 6 0 5 1 0 9 9 7 0 7 9 5 3 6 0 0 3 5 5 4 4 9 7 2 5 4 1 9 4 4 7 2 4 5 3 4 6 4 2 6 3 3 3 7 9 4 9 5 1 4 9 5 5 6 9 2 2 2 2 6 6 1 8 2 8 3 9 4 0 1 3 3 6 8 2 7 2 1 2 3 8 3 1 3 1 2 8 3 5 0 9 3 3 7 6 2 3 5 6 3 8 1 6 4 0 1 1 4 2 6 0 2 9 1 8 1 5 6 6 0 6 6 6 1 5 2 3 8 9 2 1 7 5 0 3 5 1 4 0 5 2 0 8 4 3 6 5 8 4 3 1 2 9 7 3 7 1 7 7 0 1 9 7 6 1 2 4 4 8 4 1 1 6 9 5 1 7 2 1 1 5 4 3 7 3 9 4 4 8 3 6 9 2 3 7 5 7 1 1 6 7 3 7 5 4 2 6 2 6 0 5 1 4 1 0 8 0 6 4 0 0 1 9 4 6 8 0 4 2 3 0 9 6 7 7 1 1 5 5 7 5 0 0 0 3 3 0 3 9 4 3 9 5 4 6 4 5 8 8 7 1 8 8 8 7 5 9 8 1 4 7 8 6 9 8 0 2 0 5 4 5 1 3 2 7 1 6 2 9 6 1 1 4 0 9 1 7 0 1 0 6 0 9 2 0 7 2 4 0 0 8 7 1 4 9 8 5 8 3 5 4 4 8 1 4 7 2 4 9 6 4 5 6 3 7 8 3 2 5 3 2 5 0 5 9 9 3 7 9 6 4 4 1 2 5 7 1 9 1 2 7 6 7 6 1 6 4 4 0 1 7 2 7 7 7 8 9 3 5 0 9 1 6 2 5 1 2 8 3 3 0 0 1 7 8 3 6 3 9 6 6 7 1 3 6 0 2 7 3 9 8 5 1 4 9 6 8 1 5 1 7 7 3 8 5 2 3 3 7 3 9 3 2 2 9 8 3 3 6 8 2 4 3 5 8 3 4 6 6 1 9 3 8 5 2 5 9 7 8 6 0 0 1 2 2 2 3 7 5 9 6 8 5 1 5 5 6 9 2 3 0 3 6 1 0 0 6 9 8 7 5 0 7 9 5 1 1 8 9 7 9 7 7 4 8 4 9 5 4 3 8 6 9 6 7 9 7 6 9 5 5 6 7 4 5 2 5 9 2 6 6 1 5 5 7 4 9 7 1 5 2 9 4 1 7 1 3 4 9 2 1 4 8 9 8 6 3 6 5 6 4 3 9 0 8 7 4 9 6 7 7 0 8 1 4 5 4 7 0 4 9 1 0 9 2 9 5 8 7 0 6 1 5 5 1 3 4 7 5 2 4 2 5 2 3 9 8 7 6 0 3 7 3 4 6 6 5 4 4 4 4 0 5 0 7 9 5 4 6 2 6 1 6 1 5 1 2 3 1 8 3 4 7 7 0 4 5 7 8 1 1 4 3 7 6 2 6 4 6 4 6 5 5 3 6 3 4 1 6 5 9 2 2 7 1 2 3 8 2 3 9 3 7 4 2 6 6 0 0 3 5 6 8 2 1 6 5 8 7 4 5 9 8 7 8 9 2 1 9 6 6 0 9 3 4 2 1 2 2 1 5 9 0 5 2 3 4 7 1 3 3 9 2 1 8 2 2 2 5 1 8 1 1 8 7 7 2 8 0 6 0 7 6 2 3 0 5 9 7 9 2 3 8 7 4 8 9 7 1 5 0 9 8 4 9 5 1 1 6 3 0 8 1 6 0 6 6 7 5 5 6 9 8 6 6 5 5 8 4 8 5 4 7 5 0 7 1 4 0 7 7 0 5 0 8 7 8 4 4 3 2 3 5 2 1 3 7 8 3 1 6 0 8 6 6 8 5 7 2 5 6 2 8 3 4 6 0 3 3 6 8 7 9 3 9 1 9 7 9 2 0 8 3 8 4 9 7 9 8 1 6 6 5 4 9 0 3 1 3 6 7 1 3 7 7 2 0 6 1 1 8 2 9 3 0 5 2 9 4 2 3 3 8 0 7 7 0 2 8 5 8 6 7 3 5 6 8 7 2 1 8 2 3 0 6 6 5 0 7 2 3 2 7 1 3 4 9 5 7 9 1 7 7 0 3 2 8 3 1 0 4 0 4 0 2 0 6 9 1 5 3 6 0 0 7 3 7 8 0 6 8 3 3 7 5 8 2 3 1 3 5 8 5 0 8 7 0 6 9 3 1 2 9 1 3 9 6 0 7 9 6 7 2 1 5 0 0 7 3 3 2 9 1 8 1 9 7 1 5 6 7 9 9 8 2 4 7 1 4 5 0 2 4 4 3 9 4 5 8 0 1 1 1 2 9 2 4 6 5 1 5 2 0 4 1 5 8 8 6 4 5 8 6 0 4 1 9 1 7 0 1 8 1 2 2 2 4 6 8 9 0 5 4 0 9 5 7 9 5 5 5 1 5 1 3 0 5 2 1 2 4 4 2 5 6 4 7 2 3 8 1 3 3 7 5 5 2 5 6 0 0 2 1 6 5 4 8 0 8 1 4 3 5 6 0 1 3 0 3 8 8 6 1 3 4 8 0 8 3 7 8 6 1 1 4 6 7 2 9 6 3 3 1 8 0 3 1 5 3 4 3 3 2 6 7 8 4 9 9 0 8 7 6 9 9 0 8 6 2 7 4 7 0 7 5 2 1 6 7 4 2 2 8 6 8 7 7 3 6 6 3 7 3 1 6 4 1 4 3 5 3 9 2 4 7 9 8 0 7 6 4 1 8 4 9 7 3 6 2 2 2 7 9 6 8 5 2 1 2 5 8 5 7 2 1 4 1 0 6 0 8 0 1 6 7 2 5 0 9 9 4 1 6 3 9 6 1 2 9 5 9 7 0 6 9 4 2 2 4 8 2 4 1 5 0 0 8 8 2 9 9 7 0 8 2 0 4 3 4 6 8 5 3 1 4 5 5 6 7 1 7 2 5 0 9 7 2 9 7 4 8 7 3 1 5 6 3 1 9 7 7 0 2 3 3 6 0 8 5 9 1 4 1 6 4 3 5 6 4 3 2 3 0 6 6 7 2 9 0 3 6 8 5 0 3 8 7 3 8 4 2 9 8 6 7 4 1 3 2 5 8 6 8 8 2 4 7 6 5 7 2 1 7 7 2 2 8 1 7 6 7 2 8 7 8 5 1 1 0 5 6 8 1 7 8 6 3 7 2 9 5 4 0 4 4 4 7 2 7 4 8 4 6 8 1 6 4 4 7 6 9 4 5 3 1 5 9 4 3 1 5 0 8 6 4 2 2 1 6 0 6 6 6 4 5 8 1 1 4 0 7 6 4 4 9 7 2 0 4 5 3 9 5 1 7 1 5 0 3 1 2 1 8 8 5 3 8 8 6 3 9 3 1 5 0 0 3 2 0 9 9 5 8 4 7 6 7 4 8 0 6 0 1 6 0 9 9 9 7 5 4 6 0 5 4 0 7 7 4 9 6 3 4 6 9 3 4 7 8 4 7 4 6 1 2 7 0 3 8 9 0 2 6 0 9 0 3 6 9 7 7 7 3 1 5 2 5 2 9 3 6 9 9 3 2 1 0 2 6 0 1 6 4 9 6 3 1 1 1 2 1 8 1 4 1 7 8 6 9 0 1 5 9 2 0 1 5 0 5 1 2 8 7 6 0 6 9 3 7 2 6 8 0 7 4 2 6 3 0 5 3 2 3 4 6 3 7 2 6 2 3 8 2 3 5 2 9 6 6 8 9 4 9 1 3 3 3 0 8 6 7 1 0 2 5 6 8 4 8 6 6 4 4 1 7 1 5 6 0 3 4 9 7 3 2 3 9 8 3 7 4 2 9 4 5 6 0 5 1 1 1 9 5 5 2 4 9 8 2 1 1 6 2 1 2 4 4 1 2 9 0 6 1 1 2 8 8 5 3 1 8 4 2 3 2 7 9 3 5 1 4 8 9 6 9 1 0 3 4 3 2 5 1 6 6 6 6 6 1 0 9 9 6 4 4 8 1 5 1 6 6 7 4 5 3 4 7 6 9 3 1 4 8 4 2 7 0 8 3 3 8 3 2 5 7 8 5 8 3 9 6 9 6 2 7 2 8 6 0 8 9 1 4 0 5 6 7 8 4 0 1 5 5 6 0 4 4 7 2 0 8 0 9 7 3 8 9 1 4 9 1 4 2 5 4 9 1 3 7 8 3 1 3 1 7 5 5 3 2 0 3 1 0 5 8 5 3 9 9 8 0 0 4 4 6 0 3 9 3 3 7 8 4 0 9 3 5 7 6 0 7 2 3 9 7 3 5 0 2 4 0 4 6 6 8 2 8 3 4 3 8 3 2 4 4 3 7 1 2 6 3 9 8 8 1 5 1 6 7 5 2 0 9 8 8 9 3 7 5 9 0 3 2 4 8 8 0 7 2 2 3 7 2 1 6 3 8 7 1 8 5 5 0 6 5 8 6 0 5 3 9 8 6 4 2 6 2 2 4 6 5 9 4 9 3 0 2 3 
10000
535 959 887 554 240 679 619 38 961 469 655 729 578 525 645 780 630 915 177 198 308 579 192 688 211 904 216 738 432 677 28 967 988 915 521 228 594 141 618 555 962 273 637 540 150 282 672 780 549 849 978 857 780 522 897 992 427 114 730 859 143 758 178 483 673 52 63 268 545 33 175 507 306 812 47 456 95 719 236 644 920 566 854 701 440 751 45 867 217 775 78 712 886 257 195 559 661 258 179 206 643 355 713 949 519 112 757 966 183 345 611 103 263 817 156 704 568 201 923 786 329 2 850 215 611 46 126 272 656 306 478 300 13 543 601 532 655 711 851 838 408 814 293 672 631 450 728 199 3 651 337 684 5 540 899 616 938 26 240 594 684 70 246 697 613 200 581 268 263 432 458 671 246 752 695 229 554 423 781 909 75 118 594 432 10 493 401 948 519 641 543 555 64 141 252 677 693 186 298 956 970 756 628 569 508 323 798 414 99 931 324 174 50 918 606 60 411 359 361 283 1 904 838 65 397 443 94 91 981 392 399 303 501 27 872 9 703 23 424 802 954 748 328 356 666 286 769 429 646 130 712 999 386 903 416 135 346 510 578 327 255 978 630 756 357 855 117 60 230 893 214 536 641 894 893 659 181 14 441 179 496 153 178 882 408 594 369 754 456 948 433 711 926 64 467 283 271 585 696 501 478 910 389 472 805 282 483 338 648 924 517 144 430 47 378 838 993 748 945 449 696 378 161 622 794 980 257 417 917 953 270 396 864 660 220 21 942 55 359 943 332 228 87 762 627 818 952 620 566 249 421 614 628 582 236 774 915 493 192 832 447 462 580 663 122 800 36 417 856 395 360 188 975 799 302 954 617 606 574 535 856 347 149 836 930 737 610 197 583 802 29 382 265 610 45 387 762 81 156 970 828 516 510 155 316 812 109 285 771 35 821 979 382 322 815 664 60 425 213 995 580 243 377 845 205 774 584 319 207 741 290 387 609 800 542 277 965 3 915 88 390 88 67 124 410 882 789 822 659 354 817 239 597 546 436 154 320 21 474 527 114 764 266 75 916 808 705 233 163 620 321 553 708 740 678 470 622 819 293 282 525 462 873 123 361 310 629 681 683 103 561 797 219 827 224 488 988 929 721 151 549 395 57 609 135 87 80 110 258 725 744 783 187 617 258 900 927 888 582 610 343 495 759 563 674 336 51 662 265 124 166 167 871 575 776 359 662 208 821 272 933 565 407 473 534 666 373 462 906 307 424 249 802 536 812 477 872 215 491 137 692 657 656 915 584 785 274 246 993 95 870 927 12 278 752 547 944 125 361 850 785 137 451 587 673 264 416 545 831 908 35 523 917 43 439 502 828 65 100 822 513 971 101 525 601 853 424 897 330 137 99 115 275 550 55 948 166 471 846 998 731 233 873 1 276 664 503 105 730 955 279 595 278 380 472 879 233 897 128 915 34 227 31 661 778 86 962 944 909 808 294 641 41 168 642 317 832 497 774 562 452 53 157 83 433 630 962 18 879 91 286 265 670 317 927 800 755 889 745 664 49 39 657 90 559 299 759 392 148 886 306 601 939 816 36 725 798 350 95 677 793 381 294 464 50 573 264 157 814 361 822 863 753 479 305 312 131 417 704 279 303 363 232 594 179 268 671 329 619 119 358 764 852 652 228 903 226 493 60 392 206 234 256 959 66 561 272 197 330 328 828 633 691 413 580 222 33 603 551 4 722 909 769 575 914 997 478 492 842 890 884 49 477 140 8 543 54 632 92 736 961 920 722 4 685 302 579 719 905 482 75 628 392 844 555 658 194 385 150 36 627 34 437 104 527 798 647 933 430 739 669 743 12 391 100 49 45 679 120 303 161 196 283 905 40 838 563 234 223 65 623 850 452 60 955 979 858 954 264 289 46 285 384 410 29 484 459 74 515 580 377 29 128 660 286 168 850 850 755 425 267 378 276 719 790 583 50 649 889 314 290 935 952 674 697 981 511 509 55 378 441 785 407 569 797 694 737 0 896 844 425 163 222 53 235 13 988 285 14 878 952 304 165 904 330 215 237 193 724 644 572 165 429 979 734 579 25 823 579 921 668 356 437 242 410 24 607 398 309 621 628 613 277 146 869 608 361 106 153 85 103 725 602 884 57 336 463 82 511 394 356 179 751 145 422 513 169 381 263 830 3 244 444 632 390 665 592 103 124 746 188 227 471 142 111 880 478 927 315 989 321 671 521 424 168 295 937 337 676 553 519 31 797 963 664 187 981 256 290 105 2 830 332 826 972 795 58 802 722 373 791 44 396 664 820 564 959 758 253 636 311 773 19 460 88 683 647 421 292 289 526 646 471 210 824 443 6 883 597 728 608 740 772 5 405 945 921 364 703 175 352 366 300 372 826 740 407 825 162 699 466 688 346 937 251 170 732 257 405 329 985 14 69 110 19 826 55 940 191 110 467 895 828 767 267 6 860 675 183 22 726 649 710 72 938 313 595 22 570 0 703 908 366 772 18 385 951 425 678 142 887 145 37 715 265 657 721 125 684 256 499 410 905 561 835 195 875 782 217 445 134 920 353 501 44 723 886 995 148 916 489 387 414 879 102 31 888 175 156 572 431 7 334 688 568 521 883 443 303 452 889 438 724 594 939 121 318 177 468 818 94 958 206 508 189 660 539 77 836 47 1 619 54 687 308 622 209 543 418 512 348 307 302 72 901 241 193 571 771 662 742 865 972 948 725 513 608 616 942 796 15 943 416 69 630 76 43 191 619 461 56 967 120 358 392 374 952 585 945 723 599 687 940 923 987 665 436 948 633 378 744 648 673 512 69 656 588 112 847 208 926 255 527 46 614 919 772 918 857 70 993 808 757 933 732 97 950 520 45 583 899 789 583 924 302 652 580 242 764 780 450 42 35 330 441 1 249 213 271 458 283 264 267 393 549 351 490 499 871 535 434 122 676 17 47 330 669 979 573 786 111 375 180 147 57 621 500 659 187 772 117 822 388 736 215 938 87 57 789 311 944 224 433 621 593 832 303 615 812 228 753 923 956 933 422 13 907 275 672 446 399 790 268 787 878 836 725 966 893 515 277 838 91 62 811 36 895 466 651 59 47 756 334 3 690 109 16 949 384 41 747 783 183 15 570 61 851 648 27 97 515 656 287 958 719 450 994 614 916 998 25 963 754 359 318 796 468 335 745 204 376 492 987 911 860 910 972 63 910 0 160 425 8 799 735 727 249 729 693 166 727 718 481 834 430 800 630 898 487 728 455 215 572 442 126 432 704 98 848 614 450 8 391 459 808 478 538 409 208 232 575 287 302 409 473 732 209 104 983 696 832 438 911 756 232 37 189 937 487 389 903 938 397 647 397 557 125 935 967 685 519 894 325 822 303 798 906 864 254 889 560 438 327 823 195 912 212 736 201 700 125 104 638 874 103 387 784 581 674 103 618 194 349 943 368 5 94 274 869 700 516 782 139 195 957 686 107 170 774 308 222 251 765 860 125 868 599 261 449 273 716 420 819 66 715 539 71 809 814 940 862 330 74 353 525 32 39 985 202 165 293 424 416 58 636 893 927 587 155 728 860 871 148 32 289 864 571 360 25 737 653 239 419 727 592 297 111 983 282 665 148 575 89 916 986 77 810 265 664 317 993 877 540 494 261 830 710 832 542 87 570 195 679 341 275 271 638 386 607 920 52 107 848 493 24 834 923 834 99 939 503 444 816 43 938 77 225 0 262 768 440 184 315 119 525 590 742 164 329 349 436 733 457 284 226 481 118 501 667 217 441 170 662 609 565 952 687 143 305 301 911 97 837 226 216 362 169 958 878 850 660 667 583 117 951 809 598 422 311 617 639 104 139 653 713 56 958 752 199 615 53 462 712 890 689 928 605 210 238 835 60 898 502 643 15 806 804 965 228 467 934 219 571 73 225 285 482 183 37 681 798 443 144 862 333 185 790 290 747 380 126 807 631 980 802 998 786 958 964 14 426 250 234 349 676 459 634 158 994 672 839 144 115 335 6 800 520 148 443 267 528 569 426 159 549 580 158 688 539 474 702 317 76 288 666 752 747 301 910 93 325 102 237 792 437 243 944 310 391 387 929 272 308 708 783 210 288 293 898 179 119 600 496 196 889 515 300 988 168 211 82 493 665 671 637 454 915 933 116 658 673 46 282 981 754 66 191 394 711 441 574 831 42 422 379 283 937 679 623 105 242 57 950 907 729 939 714 644 873 830 654 898 876 937 879 982 355 423 729 66 864 303 249 258 77 628 893 15 308 517 120 902 574 71 810 303 362 524 299 587 354 306 485 583 243 365 917 950 140 646 16 356 301 618 615 379 246 508 394 906 377 866 809 952 289 971 607 652 847 259 239 553 565 725 136 160 442 406 462 934 52 478 290 354 448 257 85 47 766 479 953 143 345 114 447 635 437 55 639 284 666 878 838 583 955 326 743 749 732 205 683 137 35 974 843 484 231 928 531 349 759 836 845 456 303 292 443 740 699 82 25 365 313 215 948 268 893 43 18 978 600 53 467 636 27 310 472 611 590 355 312 701 543 157 157 198 450 601 939 501 35 316 219 700 883 519 321 776 563 691 754 515 744 221 503 124 883 327 87 825 682 399 526 578 557 36 776 359 989 67 212 24 383 431 725 618 951 46 395 866 737 501 381 833 75 885 957 958 212 44 784 247 444 662 177 353 698 305 712 687 373 924 64 108 708 141 727 659 187 474 877 276 975 610 109 50 495 419 361 60 463 497 659 259 159 188 612 210 493 676 897 218 601 961 327 309 102 54 320 641 880 197 269 855 807 731 906 655 150 619 67 613 116 78 225 275 266 837 485 111 514 735 330 467 48 9 128 151 415 800 144 295 349 414 150 508 145 408 515 295 27 582 260 143 12 485 771 630 675 608 742 541 343 424 8 392 433 488 895 848 288 391 143 637 805 293 145 302 54 13 949 81 595 562 577 960 47 348 590 74 308 684 615 652 108 975 396 541 463 291 741 103 34 884 92 840 530 590 494 584 603 444 17 550 6 594 510 405 294 101 832 955 785 447 607 246 775 355 139 238 998 881 694 32 765 786 224 295 376 719 231 979 163 249 530 521 195 392 926 842 845 110 797 983 558 756 229 333 111 368 923 461 249 969 493 15 756 718 662 484 437 246 816 952 847 698 473 42 90 751 236 936 214 385 919 772 493 500 457 956 868 732 417 118 54 911 485 810 981 499 646 770 97 462 722 944 512 547 339 603 650 575 891 864 313 810 988 806 662 797 763 530 882 180 0 936 443 837 98 776 689 744 546 786 559 620 731 71 519 70 674 522 997 917 738 310 79 79 117 741 876 232 272 758 764 624 694 560 462 792 336 151 889 235 289 448 207 20 519 79 90 546 601 440 463 691 750 543 770 219 636 647 803 908 757 568 885 804 128 347 948 816 850 837 403 139 285 611 512 157 690 954 55 643 394 518 334 497 413 105 68 50 104 872 310 861 440 195 665 920 894 966 88 744 803 492 236 441 455 748 950 145 54 5 788 449 523 122 946 289 579 366 691 683 238 1 897 30 197 914 950 91 880 391 188 684 235 776 477 690 524 427 835 930 432 975 379 307 449 677 948 29 44 639 64 282 641 961 665 190 876 967 633 756 358 821 792 593 597 621 283 473 400 470 404 832 797 135 492 247 813 440 628 209 80 692 843 73 6 508 263 234 476 896 342 186 70 487 780 667 108 415 493 509 886 897 693 35 32 185 282 197 978 262 758 410 307 602 835 313 110 98 547 938 346 889 125 416 728 257 436 837 672 281 698 910 178 391 946 562 929 580 112 907 843 870 669 150 824 504 815 287 954 714 225 300 955 702 69 684 959 857 521 632 138 219 542 668 962 840 582 891 421 694 150 616 917 819 118 741 675 933 28 629 999 606 282 954 308 351 638 268 560 511 252 698 82 146 718 397 987 300 288 760 347 791 376 264 962 494 357 638 779 738 267 778 696 549 732 4 252 723 624 812 586 876 862 21 23 580 418 362 881 58 122 228 849 498 844 812 344 201 802 123 291 69 901 987 971 985 344 223 60 968 388 999 197 250 20 220 831 790 934 712 200 56 292 50 906 136 214 250 689 16 725 981 437 626 320 760 963 664 336 376 985 724 375 182 974 747 754 157 537 688 869 737 744 161 139 2 649 705 252 339 73 977 672 511 955 992 623 270 9 959 646 994 683 21 528 10 120 282 167 657 970 37 747 66 550 886 68 552 944 672 243 17 649 915 880 956 259 504 226 268 463 225 614 147 246 142 157 367 776 324 376 746 713 475 164 616 362 584 168 658 608 411 675 609 678 556 565 937 412 144 558 875 369 524 374 967 667 531 686 443 208 63 542 273 538 58 241 252 995 409 910 603 172 938 213 202 846 130 492 258 274 402 133 643 926 508 611 593 391 297 389 951 712 283 577 603 341 818 855 688 580 118 292 104 408 857 307 254 987 799 512 262 201 645 257 479 505 220 425 897 518 814 200 582 449 777 185 142 596 393 831 528 863 123 632 271 332 939 525 319 90 37 933 643 34 191 123 540 411 548 789 281 714 341 864 163 119 401 305 67 794 136 947 657 611 579 280 943 871 805 615 961 194 548 957 229 739 432 121 503 980 262 784 46 603 0 209 74 402 866 493 548 3 440 558 966 372 838 262 243 996 877 556 190 777 865 771 517 297 244 372 277 858 508 675 814 509 884 240 263 751 734 811 106 526 721 424 898 560 686 493 908 915 50 98 693 915 222 562 565 818 934 194 677 442 870 843 303 106 83 566 209 169 730 315 696 451 92 946 363 778 792 271 46 194 722 739 461 944 301 26 114 587 221 143 29 91 986 685 197 70 603 407 591 333 74 639 137 166 938 500 297 730 772 343 924 494 82 385 790 735 412 904 322 633 400 703 724 386 388 273 808 992 680 400 677 755 391 814 921 329 315 570 59 87 913 335 933 347 721 723 82 485 979 404 470 379 460 546 118 848 819 278 192 500 30 222 607 422 36 880 751 703 451 163 142 716 498 75 64 571 150 146 408 482 903 878 861 363 424 331 563 244 610 108 96 640 330 703 62 718 583 166 422 386 329 564 103 179 992 167 103 142 665 511 624 920 390 838 283 166 169 199 762 131 307 858 772 989 561 186 707 497 352 129 883 33 46 986 213 38 505 668 532 171 179 509 91 921 347 727 88 868 278 202 0 937 61 772 926 974 958 633 471 663 115 355 696 161 693 261 551 199 929 83 722 109 592 165 382 291 244 822 160 522 25 512 459 86 636 385 60 594 371 884 609 486 239 306 999 284 567 550 835 849 633 557 310 578 723 692 869 967 867 381 490 892 893 301 330 529 39 742 476 410 626 85 248 217 743 247 502 663 149 337 512 782 247 822 712 970 866 582 289 733 315 131 625 561 433 307 90 824 50 918 234 676 356 834 246 99 433 748 114 582 437 626 364 684 800 429 6 667 11 296 400 678 779 378 239 212 37 682 36 87 600 622 116 308 808 362 408 241 462 522 823 251 501 540 288 301 969 294 968 332 942 721 10 722 451 602 286 488 284 675 928 236 649 44 545 458 758 305 699 572 179 523 175 32 63 463 334 32 110 654 364 404 727 726 478 178 328 765 19 964 792 947 201 441 343 98 899 101 403 951 25 934 474 200 967 889 16 301 273 126 307 989 882 35 715 361 213 396 126 584 360 270 531 561 711 874 11 963 327 766 914 352 701 740 905 668 629 921 321 902 399 980 243 281 15 310 642 581 706 120 165 67 390 697 980 454 923 344 417 251 110 683 955 811 423 860 831 52 133 504 306 884 485 901 166 852 211 160 433 918 633 951 337 23 0 669 829 923 13 598 526 124 281 482 287 704 694 119 108 180 623 766 64 460 667 230 313 879 743 746 149 376 49 838 751 49 507 581 325 521 179 851 997 813 685 284 517 732 755 978 264 379 744 328 839 764 911 152 643 654 251 144 382 652 982 133 702 489 66 379 362 598 582 711 411 620 348 280 352 103 258 968 482 3 296 674 119 559 178 114 213 781 258 595 434 240 81 488 81 147 219 796 745 801 859 156 421 207 437 125 311 695 93 145 50 742 171 169 301 702 283 867 483 893 814 269 485 895 109 919 395 328 67 140 130 926 649 903 134 86 381 797 133 474 942 536 568 114 57 870 168 693 737 651 586 903 273 424 799 382 343 194 63 410 686 545 336 335 448 822 773 829 619 259 656 914 795 224 380 204 446 548 897 535 551 836 439 824 612 590 559 955 136 622 717 822 167 405 158 967 228 283 797 199 542 805 465 689 29 845 894 476 745 143 363 297 331 802 473 943 392 384 898 528 358 967 351 525 373 861 845 953 496 994 152 39 799 970 728 180 815 974 8 913 118 372 210 801 174 35 745 919 420 995 447 778 963 150 656 336 363 501 289 860 495 793 251 646 115 979 826 283 954 835 196 424 207 758 225 381 793 322 652 213 318 452 344 633 954 0 969 318 853 610 530 700 755 781 346 871 112 172 506 418 7 702 842 214 460 420 948 253 742 952 819 412 404 163 45 359 515 366 29 368 328 559 68 84 692 414 307 804 938 813 575 946 867 417 512 327 189 812 932 932 765 103 696 169 618 742 880 133 108 909 853 437 468 921 873 512 687 532 317 626 697 244 924 564 661 788 243 203 601 175 487 718 279 183 887 897 925 120 383 34 29 236 823 850 510 696 362 549 580 31 527 277 275 451 841 289 240 436 492 193 611 331 911 242 514 150 492 440 270 227 826 652 815 649 502 325 697 216 227 277 248 754 906 875 558 99 164 150 535 8 343 498 339 606 93 854 756 937 646 379 164 824 31 979 825 885 657 522 101 884 151 701 990 409 577 548 508 93 698 43 102 393 541 793 999 634 999 108 923 645 839 87 821 222 67 646 107 76 520 560 960 671 262 302 80 839 851 940 932 901 983 386 295 877 180 646 863 179 106 787 177 297 874 998 519 293 645 978 721 517 539 33 541 801 336 973 992 187 914 924 88 897 663 735 126 843 734 990 374 192 129 903 490 355 254 9 1 251 340 722 768 879 756 309 680 92 283 672 279 197 948 719 446 963 807 925 806 893 267 533 85 396 788 927 751 42 289 752 645 629 827 414 508 583 75 540 675 358 564 306 907 864 377 706 828 184 631 986 429 898 871 515 294 660 794 397 54 83 502 700 712 329 466 572 912 541 112 939 900 28 245 159 893 622 865 73 159 848 59 940 746 931 807 392 943 602 790 349 685 644 49 750 973 515 322 237 409 787 176 309 815 421 820 60 395 38 133 906 886 545 847 633 828 6 377 771 608 519 120 294 163 522 396 136 389 718 373 798 857 901 459 25 674 280 85 422 670 571 328 556 468 527 541 296 886 919 419 494 790 891 140 954 413 536 442 155 607 168 953 464 69 413 489 744 45 927 166 715 498 846 623 966 726 165 614 612 436 33 458 226 924 599 532 690 135 975 845 94 143 150 559 564 915 400 308 312 327 826 27 177 25 3 143 751 520 109 715 956 142 173 534 419 124 67 461 612 42 658 706 537 808 617 101 76 18 762 388 345 588 768 523 613 771 18 716 291 128 783 599 622 309 133 393 433 200 206 45 594 864 104 483 25 721 585 101 739 347 489 437 287 609 960 901 380 330 969 671 810 105 270 785 414 756 530 847 308 737 245 903 953 349 386 978 70 323 431 162 670 273 599 958 882 911 211 263 593 532 286 404 637 909 541 51 665 71 251 973 808 496 228 114 197 967 92 267 290 524 429 313 149 380 623 31 291 834 646 885 718 933 641 708 194 182 759 859 253 362 184 414 210 765 528 407 732 972 27 374 848 808 687 997 189 310 29 480 496 27 365 567 960 358 275 154 540 386 365 146 749 902 912 311 19 792 719 751 764 98 477 965 906 517 962 95 827 343 928 676 371 645 243 683 4 518 838 544 256 555 42 5 809 954 317 828 746 388 931 511 486 409 476 744 926 790 192 105 134 120 133 857 765 728 540 121 598 730 18 855 638 60 860 447 15 529 276 761 269 207 624 107 616 452 852 894 243 396 0 729 516 485 586 633 214 478 107 812 561 125 667 199 185 528 646 552 409 922 314 679 482 290 138 450 743 990 345 338 386 697 67 254 182 5 240 396 835 347 209 396 472 876 595 9 756 594 562 166 868 228 197 350 518 687 801 613 678 498 951 416 195 18 23 729 375 263 126 211 962 687 959 434 563 907 795 672 501 357 190 369 585 387 72 456 74 225 69 104 75 21 873 270 391 248 351 119 863 477 682 825 164 641 611 80 548 406 752 49 116 942 771 53 681 195 509 107 420 931 564 495 952 789 117 695 37 820 814 252 298 496 77 814 490 40 246 38 446 998 440 914 292 211 968 973 758 477 433 178 408 997 25 712 786 494 760 175 314 926 427 964 775 856 131 265 896 377 303 694 376 95 609 668 306 929 994 64 406 427 594 167 776 971 879 562 817 991 89 132 918 516 448 693 724 579 958 620 957 613 666 685 709 627 705 367 556 699 432 315 478 378 482 254 350 713 816 519 705 257 651 623 773 452 668 849 31 626 821 340 239 488 25 300 467 731 668 24 430 452 691 909 830 525 515 532 238 684 52 295 941 55 270 67 507 938 916 891 916 738 231 508 578 257 808 45 988 476 421 770 928 464 31 111 989 899 995 228 583 47 875 524 455 146 591 962 436 508 205 353 598 437 861 528 46 21 573 386 498 347 156 778 811 540 241 801 439 237 381 22 284 608 898 91 106 490 406 543 350 611 248 300 48 461 828 94 482 753 480 332 100 989 111 264 881 352 417 672 589 150 46 226 758 944 317 865 434 723 760 136 687 8 788 735 469 616 182 303 370 14 636 822 3 747 438 236 451 207 908 393 357 954 619 468 899 288 685 685 364 445 174 51 805 962 138 626 579 672 929 301 687 565 475 42 664 266 279 468 473 187 861 183 494 832 651 393 472 688 430 836 133 604 239 290 919 730 916 850 402 197 151 89 763 978 132 779 244 763 247 718 302 108 901 796 292 904 541 765 592 972 601 77 928 193 367 847 923 635 697 325 832 200 767 947 531 251 79 775 14 326 845 316 787 98 465 79 2 6 844 946 978 798 23 259 991 742 458 266 377 508 943 562 708 710 861 591 313 940 367 679 619 564 996 406 663 461 485 17 819 682 316 150 480 339 409 823 82 867 89 811 375 384 725 436 447 587 27 760 879 746 440 498 663 788 904 678 601 742 47 420 424 363 922 256 703 331 79 137 551 520 300 926 256 378 714 703 965 94 816 844 840 256 695 855 396 599 533 349 693 581 121 117 944 44 725 999 375 156 488 278 676 789 205 285 167 271 988 484 365 804 680 558 412 375 413 160 327 947 509 20 528 631 490 824 675 215 824 402 372 312 681 400 453 238 37 620 861 26 456 227 182 137 785 947 864 550 107 191 497 969 564 377 600 406 202 627 621 26 381 345 690 62 98 144 652 135 116 514 513 573 93 48 62 230 995 278 780 102 822 278 71 386 655 23 792 209 2 765 587 384 463 278 798 913 774 451 400 890 317 266 815 410 314 229 992 661 508 772 115 330 402 539 68 58 562 212 619 565 329 207 301 144 485 99 409 611 550 162 501 219 428 669 981 94 898 973 755 758 746 870 440 148 409 508 558 324 72 178 241 402 737 542 898 574 641 308 185 544 470 686 763 250 707 745 344 606 70 451 364 816 673 805 317 83 665 227 759 738 405 0 492 142 894 742 68 535 402 253 431 224 940 195 474 647 292 170 605 362 973 322 531 647 479 848 82 496 427 841 586 833 193 430 327 87 173 396 974 575 649 406 800 941 953 626 941 597 149 898 959 122 572 842 769 51 42 851 548 470 44 134 655 237 565 982 676 90 730 3 665 732 761 817 25 66 796 318 663 945 569 622 67 141 817 837 193 859 40 93 329 85 579 984 674 144 319 703 586 401 706 604 485 819 421 511 885 217 181 548 162 750 522 582 892 339 419 437 551 459 530 880 896 109 217 571 606 888 274 544 641 332 148 127 151 922 990 36 139 523 936 654 274 458 236 518 150 7 955 701 818 837 933 715 298 502 286 256 742 912 801 384 244 949 863 395 871 853 783 363 728 719 369 2 177 957 872 679 964 179 380 134 16 666 849 667 168 487 923 911 399 76 647 643 378 510 390 249 715 173 964 443 892 333 798 422 642 670 101 958 850 482 93 218 148 294 237 668 782 513 931 533 589 578 529 967 88 919 569 155 445 885 599 337 571 397 111 213 419 213 172 621 47 265 840 547 911 77 215 45 942 499 579 532 77 460 851 518 731 420 673 176 306 272 866 229 21 977 442 441 542 614 62 589 231 254 136 143 684 704 188 626 203 119 158 632 931 362 150 663 134 824 191 792 448 409 21 822 387 464 263 929 78 677 871 662 284 359 157 968 63 697 946 618 817 105 251 100 819 401 763 953 577 307 746 378 716 767 200 455 231 815 737 662 492 608 676 128 967 833 96 383 530 43 353 699 500 956 800 319 710 915 624 287 574 370 665 291 138 217 746 721 32 835 735 877 443 411 5 763 244 102 498 127 497 203 178 349 160 978 20 870 246 644 509 820 367 175 463 505 392 562 578 777 397 314 654 193 725 659 308 322 113 158 801 962 361 979 311 521 958 683 391 556 328 901 728 47 428 192 552 172 754 482 949 503 796 955 696 874 615 356 548 80 514 349 43 876 328 706 749 638 390 141 546 70 394 275 117 174 467 21 698 573 503 648 428 652 955 477 878 570 833 426 3 348 127 46 576 807 104 325 446 846 818 992 268 212 619 385 738 438 758 437 11 614 437 440 618 392 917 496 315 102 274 318 802 401 716 378 208 820 704 6 19 522 351 287 87 970 25 177 409 783 614 772 749 51 212 367 444 481 863 111 936 137 429 738 890 497 117 99 669 173 105 688 47 808 976 134 779 1 664 188 136 278 960 886 330 525 253 126 358 469 589 294 606 18 33 497 867 502 948 536 675 405 225 722 214 553 209 345 906 873 533 42 503 845 928 185 722 534 663 433 3 252 727 961 622 112 810 489 966 758 26 993 516 603 716 82 508 277 427 414 502 312 808 357 509 89 543 232 623 206 17 626 811 96 939 433 209 750 275 527 860 301 521 376 256 589 810 764 218 237 530 720 901 338 429 411 427 972 995 402 531 12 380 342 108 320 127 669 70 402 197 282 55 718 11 663 659 821 779 877 411 309 949 312 0 378 723 779 703 718 182 234 82 562 928 191 234 55 860 656 458 409 939 865 127 950 529 138 123 308 15 534 618 964 847 970 695 922 749 398 993 931 632 75 846 912 618 80 967 479 737 777 240 28 643 368 330 524 858 453 832 874 988 802 190 187 772 885 461 522 635 454 453 267 882 651 531 500 732 851 331 821 628 572 849 623 292 179 147 150 984 332 376 324 134 567 511 907 804 325 429 440 779 234 59 13 238 591 866 970 442 549 143 422 473 344 398 765 875 545 268 859 229 996 184 364 915 47 271 720 372 52 512 504 638 923 517 876 514 735 198 308 285 693 83 110 37 481 228 912 378 848 124 608 844 308 972 760 355 595 832 80 999 344 584 989 267 453 866 134 541 416 794 826 110 229 288 499 710 516 412 441 364 536 49 209 196 373 321 903 320 153 983 319 849 919 660 468 373 526 954 914 295 101 92 757 330 732 256 41 249 668 834 613 556 883 174 104 608 495 8 928 0 343 599 849 263 259 670 988 138 976 254 785 77 698 542 408 430 798 801 679 819 635 645 375 870 819 480 830 315 840 758 315 183 709 517 798 320 539 786 458 515 392 243 945 90 785 705 521 936 858 552 755 845 197 482 715 17 314 897 332 506 655 999 690 716 868 488 36 407 627 847 923 19 90 220 462 228 925 335 516 783 887 271 628 437 105 695 454 772 592 138 278 599 489 968 315 358 809 703 765 788 550 40 807 993 260 621 573 537 956 89 320 844 712 300 281 817 995 87 589 939 577 220 538 66 188 205 424 349 261 542 137 811 934 297 156 195 918 729 732 227 818 405 71 530 705 704 700 53 143 641 344 720 861 883 138 402 440 915 751 701 457 241 865 391 538 21 938 808 751 23 35 921 780 458 452 837 514 504 890 9 145 235 81 7 470 220 409 262 135 512 964 944 753 181 687 643 554 978 804 305 1 191 227 133 2 31 970 516 535 213 526 680 448 959 39 270 179 800 532 666 313 848 962 418 381 2 62 936 980 218 241 333 409 820 466 411 203 788 280 738 1 158 771 801 117 810 71 649 963 956 315 276 156 630 694 538 632 108 474 964 326 67 649 88 240 115 499 443 903 131 534 257 289 305 58 407 467 130 408 430 438 75 58 594 705 753 132 689 213 958 653 892 378 654 980 618 121 831 413 377 963 947 634 252 604 692 11 424 822 419 206 260 495 265 207 552 370 339 242 935 650 247 827 28 902 807 646 23 639 59 400 602 359 34 206 963 727 218 739 901 989 946 514 484 563 73 37 285 412 631 220 62 878 48 442 132 855 88 508 494 500 908 448 859 295 655 174 374 873 914 627 862 212 493 699 127 566 88 412 331 719 632 745 949 680 188 82 888 276 942 734 776 850 183 987 497 190 514 871 63 428 851 277 992 344 328 119 911 416 531 594 487 515 339 437 196 527 871 436 804 813 170 932 15 705 272 513 895 786 736 958 566 587 588 558 284 268 29 547 37 560 141 524 75 480 313 623 8 536 411 164 349 582 448 717 287 720 582 183 858 318 493 424 258 433 334 894 702 363 441 739 275 934 615 351 414 929 326 774 465 738 290 167 672 739 884 959 811 466 494 670 136 340 446 746 773 781 992 827 496 433 918 772 367 886 475 134 815 153 908 632 891 199 799 915 290 35 227 453 853 721 475 342 413 922 440 187 55 433 366 903 218 637 675 586 523 150 72 690 304 332 674 547 883 474 463 173 861 690 979 67 763 454 409 177 728 201 716 783 634 434 687 853 423 714 791 946 217 215 988 873 547 663 420 431 489 235 956 350 277 935 769 41 390 530 570 118 732 638 254 718 72 293 571 496 359 714 794 576 929 783 449 477 798 222 260 287 457 568 989 735 504 759 128 246 289 50 716 373 688 322 92 760 967 15 608 327 730 403 903 659 538 353 488 336 927 748 623 384 669 964 471 173 723 951 771 365 1 839 90 689 162 182 802 129 198 762 456 280 165 712 291 55 417 780 391 344 880 366 728 549 331 552 74 406 503 197 123 505 37 214 546 199 748 348 680 298 111 489 578 628 201 870 36 618 2 427 314 882 146 394 784 829 946 210 587 450 408 711 307 445 277 853 996 25 554 676 324 17 165 902 997 718 124 33 688 126 813 2 361 959 397 497 140 695 707 727 497 115 790 804 560 67 10 556 445 916 585 769 933 102 23 930 821 500 316 509 626 129 864 339 440 613 836 932 308 544 659 806 659 802 962 572 869 972 480 314 888 417 435 173 520 811 456 341 311 772 202 937 253 418 629 45 31 465 977 692 9 988 498 21 790 812 945 660 785 777 326 25 195 114 551 715 925 7 408 236 131 962 525 736 381 154 781 412 620 758 104 981 746 954 354 537 767 299 549 904 77 227 281 272 693 832 339 618 191 747 206 674 709 732 410 442 886 543 207 858 301 311 192 400 618 546 289 737 198 190 993 627 769 274 251 463 459 590 81 2 689 288 677 398 20 439 193 258 983 400 469 636 711 661 388 681 207 677 418 757 219 763 384 989 38 635 452 849 225 533 851 914 173 880 665 545 320 858 156 655 258 625 643 321 286 32 355 845 61 125 603 281 889 339 622 279 975 74 128 552 959 979 819 133 212 484 678 532 694 834 539 304 811 182 977 97 566 332 295 980 458 250 613 347 589 235 626 916 309 106 469 268 85 640 753 297 476 784 181 170 970 72 826 782 607 803 231 173 136 878 505 594 128 118 293 70 705 271 338 14 377 159 635 814 799 740 464 275 876 645 797 847 70 623 981 677 779 564 202 915 443 708 861 923 178 506 345 884 129 684 250 506 843 885 672 643 978 136 270 854 134 420 53 204 395 34 881 174 599 83 441 394 143 654 317 322 160 663 558 289 699 808 147 542 46 820 537 24 956 160 230 90 580 284 646 327 318 527 502 269 963 943 663 458 598 333 132 110 348 690 400 47 499 899 941 897 719 831 921 28 991 503 470 923 787 117 250 458 644 752 727 959 48 743 418 998 76 550 108 776 241 860 823 92 760 116 989 831 947 262 859 938 765 330 213 905 447 464 363 443 568 90 755 616 833 173 966 261 75 75 37 668 287 212 760 399 329 101 231 276 715 442 567 833 124 780 738 571 596 101 367 165 543 122 133 729 647 100 990 722 527 380 391 166 592 503 566 921 605 149 550 672 591 117 505 716 249 595 639 846 696 358 11 592 832 496 673 479 596 663 554 123 395 945 290 988 800 208 261 405 357 811 430 300 280 935 368 530 531 360 728 579 718 91 523 551 587 196 30 184 212 584 659 607 881 301 947 682 861 209 439 218 372 869 871 653 157 239 535 40 599 615 971 670 706 495 221 293 43 603 829 255 540 841 215 773 142 162 807 4 371 599 574 96 820 797 101 977 37 988 369 988 603 341 10 309 188 583 954 231 539 136 487 79 977 702 204 471 216 12 827 940 611 402 36 431 199 137 761 588 477 130 929 80 823 939 741 11 875 47 243 414 183 82 493 160 136 49 984 352 413 811 292 24 213 680 808 765 169 921 705 646 51 634 726 875 926 819 238 801 867 481 215 402 915 60 915 51 109 899 756 875 710 48 899 276 81 59 41 250 980 746 897 384 733 975 611 659 147 849 812 14 683 27 768 598 439 683 2 900 582 758 775 293 158 27 569 591 86 962 842 419 60 91 803 793 418 414 804 565 615 968 931 298 347 700 249 786 735 603 39 318 713 814 963 871 841 884 463 280 846 657 699 258 100 854 404 518 620 560 84 235 529 367 886 876 419 487 663 155 442 54 473 155 868 788 378 62 672 193 694 870 850 745 480 950 599 884 821 571 445 257 158 974 624 396 850 396 883 865 551 325 919 376 832 140 164 211 554 188 404 248 58 607 993 538 557 944 775 730 515 220 987 673 546 964 70 396 360 305 614 911 983 885 287 815 25 803 378 579 991 783 179 401 390 172 291 299 116 66 30 983 638 369 9 184 333 431 933 693 88 547 956 71 784 595 239 162 398 617 741 389 752 273 790 494 445 82 794 914 500 176 249 139 545 258 323 231 41 256 276 130 155 233 201 940 828 792 102 227 762 195 968 514 468 759 9 266 193 155 532 693 331 781 184 228 392 508 459 433 116 736 563 272 321 117 564 149 261 18 728 23 565 697 890 34 808 899 652 1 54 536 46 737 669 583 965 61 443 777 847 559 865 762 183 186 231 99 335 493 117 64 868 683 113 758 69 921 657 73 274 63 609 672 152 278 255 470 692 698 247 891 610 464 653 793 650 885 893 985 730 362 401 598 397 514 357 466 787 366 891 61 782 500 734 286 131 341 756 823 40 355 714 650 819 719 795 469 956 40 807 686 403 208 637 152 75 994 619 214 712 510 276 846 363 362 133 494 703 889 669 95 597 735 97 416 454 245 238 411 285 45 449 40 605 86 193 32 432 164 247 497 26 523 343 389 237 476 235 292 366 904 740 963 991 837 731 446 82 969 209 720 366 10 112 972 97 305 356 881 821 603 378 848 478 722 589 715 550 825 360 268 81 100 231 73 289 315 871 372 636 432 444 3 442 556 327 891 214 683 125 35 287 503 235 765 577 825 833 480 2 193 748 435 645 332 860 934 647 731 658 283 515 102 638 958 11 965 849 577 649 974 612 288 830 200 405 759 377 590 239 379 783 988 166 780 320 27 715 319 110 373 602 626 828 593 584 839 558 785 416 559 112 380 847 294 580 605 405 957 195 645 688 331 985 855 111 657 234 826 976 344 552 930 970 380 523 906 219 82 44 987 993 508 367 193 802 300 798 559 609 993 204 298 676 541 505 788 198 739 966 174 83 518 105 406 898 628 664 469 62 708 456 56 568 176 249 722 476 47 282 437 392 838 735 421 380 592 209 578 331 527 105 767 398 210 173 296 190 189 118 253 250 574 309 818 102 910 541 578 957 175 368 701 13 103 122 745 48 683 676 379 563 781 498 961 343 671 609 533 213 727 138 463 654 447 633 756 357 526 687 666 701 55 720 67 510 842 812 558 878 488 290 441 621 788 402 964 812 11 850 25 739 988 488 745 788 473 501 497 0 540 516 701 595 236 768 458 430 933 16 308 421 306 749 395 447 151 359 259 515 561 284 606 550 124 351 690 597 204 187 597 745 703 651 692 291 419 502 722 704 871 30 126 177 132 873 624 635 232 235 150 146 519 756 696 995 459 386 593 664 925 542 761 981 193 805 272 965 308 346 669 179 377 147 708 861 20 685 496 605 272 647 751 792 755 799 139 567 537 732 583 462 627 696 795 820 501 68 137 161 766 807 692 143 954 753 4 327 790 853 932 62 852 35 206 607 834 346 526 371 430 109 185 57 805 981 230 659 401 367 820 167 174 865 663 481 618 19 808 408 872 92 822 76 479 29 684 313 375 562 36 805 672 573 215 477 906 445 136 659 812 309 179 339 174 194 820 144 213 980 904 438 424 726 514 903 755 550 568 482 113 956 288 137 529 503 614 436 300 103 447 112 764 626 451 290 820 623 434 386 955 338 176 379 64 42 634 172 593 202 654 58 510 294 195 40 149 161 828 449 616 627 562 732 254 365 22 74 989 456 812 296 146 988 28 211 31 662 735 976 217 389 386 727 36 581 119 185 94 299 635 63 927 549 795 181 266 818 607 255 626 420 904 773 760 932 336 791 594 71 119 163 812 505 891 848 438 362 386 885 662 21 948 589 922 95 122 188 265 729 796 892 501 700 665 614 632 1 757 578 424 877 742 236 382 985 85 173 347 471 58 361 844 358 950 766 453 72 306 719 154 102 963 7 154 628 621 138 981 731 717 405 608 811 641 342 796 78 867 495 901 925 857 745 283 159 863 89 584 522 160 90 624 123 97 131 751 71 269 84 154 986 489 762 149 482 456 945 561 324 793 462 601 650 560 237 161 775 326 745 649 838 835 274 961 285 757 64 708 26 148 862 365 989 976 514 471 784 812 384 108 605 199 62 607 759 299 768 886 977 866 536 815 701 162 128 338 919 192 46 297 692 260 662 681 236 529 504 21 341 889 481 946 88 543 905 199 194 673 437 171 891 973 338 593 487 466 283 758 10 330 56 702 590 70 735 179 599 240 552 292 129 33 238 569 929 495 768 123 521 205 647 412 531 337 5 18 804 641 129 166 971 537 221 913 607 956 444 559 196 996 851 677 382 442 246 311 937 14 786 458 572 433 223 103 771 228 473 927 869 602 445 192 491 666 458 99 623 902 10 171 251 213 849 633 655 447 944 945 814 730 755 386 516 978 841 639 559 314 918 780 269 363 325 760 30 783 211 5 37 573 176 288 787 377 921 442 177 217 739 991 300 495 729 816 825 570 807 384 236 725 165 505 88 490 266 470 625 829 475 662 403 4 303 190 733 576 984 262 146 724 605 446 571 334 614 396 256 421 781 493 146 298 998 234 140 616 57 765 446 884 779 201 240 434 743 326 363 727 588 509 803 194 955 726 880 569 123 137 990 256 630 136 906 628 722 46 597 131 163 395 16 294 596 256 81 339 934 444 418 523 953 222 69 260 948 949 181 423 86 171 31 716 659 937 697 733 335 294 217 850 689 233 497 637 841 578 976 776 374 746 651 679 968 720 939 269 669 120 44 756 643 76 472 654 365 169 387 701 815 604 903 504 189 400 493 383 330 469 511 704 568 162 383 888 882 674 157 903 146 554 659 789 630 484 443 995 5 183 48 821 139 952 677 681 704 171 64 35 992 927 91 560 89 475 449 323 149 958 226 648 512 238 437 494 74 233 842 79 768 890 900 907 194 930 940 251 101 356 286 93 283 377 6 372 204 807 47 706 765 626 354 630 864 791 124 938 376 966 369 144 209 622 404 755 552 344 6 653 701 644 98 984 22 456 709 578 263 756 284 381 382 638 11 598 782 487 888 158 806 258 655 15 880 59 122 432 755 481 437 808 125 887 793 499 696 854 78 959 962 362 340 697 353 703 295 487 191 536 645 997 794 652 364 26 63 838 458 819 319 247 627 445 486 772 944 182 978 374 142 941 737 834 638 442 538 285 929 81 821 926 78 967 579 794 993 642 632 451 813 952 50 793 749 537 917 693 719 248 68 213 189 157 48 179 599 938 816 528 19 638 454 449 605 385 243 599 380 875 402 193 179 805 338 928 342 256 974 413 504 394 627 45 551 27 576 502 965 392 382 336 382 836 785 988 574 380 939 954 607 693 499 787 498 838 715 192 446 41 606 302 435 233 699 338 612 275 840 577 667 222 265 50 411 402 390 337 782 681 291 389 374 790 528 225 980 244 417 426 637 23 728 73 608 427 411 572 54 604 501 722 178 766 124 941 168 866 278 950 547 569 692 273 712 220 498 692 816 268 471 454 643 551 527 252 979 290 176 385 894 678 459 425 444 583 366 613 801 645 915 348 566 959 974 630 180 472 323 996 740 794 802 384 345 681 988 676 972 164 414 218 842 873 643 639 809 10 604 610 7 519 311 925 479 285 556 11 757 879 359 850 25 162 234 722 843 574 751 167 90 165 386 933 38 381 572 847 391 176 810 750 47 121 676 878 406 232 241 163 463 601 365 488 115 951 562 958 525 313 126 616 830 864 901 869 245 825 68 989 353 878 739 752 351 415 631 757 999 872 273 462 825 638 302 940 590 865 251 467 178 729 435 361 593 336 230 190 513 650 179 218 881 271 971 232 686 954 990 38 178 263 500 4 253 803 944 195 668 195 663 198 924 450 911 869 139 141 60 652 144 239 871 25 510 194 257 549 148 599 587 326 214 439 330 468 242 627 663 262 822 678 813 99 129 724 968 268 218 380 272 362 972 495 739 834 689 348 735 837 948 674 164 162 114 846 630 708 473 646 323 648 676 488 99 157 564 419 777 134 800 50 848 124 545 587 958 235 936 694 424 884 368 940 398 834 787 29 543 612 27 218 612 55 706 711 213 270 483 990 757 635 392 605 759 938 193 717 525 481 763 301 365 484 242 763 318 381 144 213 345 523 431 310 579 137 373 144 760 856 134 517 491 879 474 602 817 667 320 694 500 435 347 217 919 941 333 238 674 829 451 20 353 235 330 284 724 55 428 836 912 914 705 755 793 180 358 962 199 30 8 700 465 356 917 737 297 602 975 972 432 778 344 785 365 26 421 90 81 201 926 345 115 632 101 261 812 459 575 11 841 584 63 306 292 333 43 941 935 370 265 367 501 609 504 866 987 925 956 69 126 235 414 594 867 515 207 679 326 782 42 167 366 106 826 10 439 221 952 374 592 217 94 445 179 598 663 166 524 972 587 2 207 2 948 74 869 155 105 548 938 147 67 656 605 893 19 396 467 971 123 411 540 217 856 719 815 519 238 691 491 177 46 698 531 994 124 401 150 229 301 440 729 368 448 334 614 467 83 81 790 206 492 331 423 700 402 590 571 992 282 63 170 328 113 701 674 238 454 176 819 107 616 548 828 417 235 794 236 318 875 27 876 719 710 651 771 464 241 342 457 875 757 979 555 871 680 230 461 487 406 280 594 375 181 774 792 416 568 28 86 795 55 962 514 117 613 285 582 206 980 39 82 737 18 637 608 50 867 421 889 626 702 484 1 235 258 793 651 179 821 737 974 229 51 489 346 16 126 928 222 458 319 304 196 689 942 156 740 161 578 629 787 632 465 788 867 76 933 870 255 107 959 229 688 10 70 386 26 549 315 248 7 986 905 203 676 199 712 768 360 290 749 500 274 567 640 141 643 574 363 250 33 322 831 721 684 902 107 710 803 774 310 810 761 215 366 789 766 78 557 127 720 658 979 994 225 971 487 868 897 202 470 930 524 302 3 208 556 111 270 359 237 932 521 350 500 887 139 266 317 48 393 389 707 724 735 932 696 574 153 593 776 623 876 652 925 879 860 833 342 482 192 580 415 66 930 915 953 422 181 623 470 927 12 529 3 100 462 699 674 967 645 451 590 521 103 868 752 316 53 95 150 246 675 565 312 957 832 617 379 14 592 202 293 957 731 296 57 545 348 731 864 345 534 807 866 638 675 970 306 728 65 456 326 740 374 990 50 206 960 429 572 904 983 865 861 67 514 918 964 862 2 829 207 536 636 425 526 663 395 832 743 813 641 422 553 15 412 603 221 724 385 794 629 368 11 842 435 525 761 400 739 115 581 298 651 217 75 178 880 823 362 975 636 355 397 541 370 162 497 944 886 234 90 867 602 101 710 390 979 823 142 70 938 75 721 941 292 796 471 524 971 186 499 959 541 249 501 912 411 350 208 297 584 298 517 538 751 579 928 730 402 422 153 692 497 874 633 141 

